
# NAME COMMUNES         CODE COMMUNES
# Bourgneuf				      17059
# Montroy					      17245
# Clavette				  	  17109
# La Jarrie					    17194
# Saint-Médard d’Aunis	17373
# Saint-Christophe			17315
# Croix-Chapeau			    17136
# Salles-sur-Mer			  17420

com_codes <- c("17059", "17245", "17109", "17194", "17373", "17315", "17136", "17420")
com_codes_LR <- c("17059", "17245", "17109", "17194", "17373", "17315", "17136", "17420", "17300")
com_names_LR_to <- c("Bourgneuf", "Montroy", "Clavette", "La Jarrie", "Saint-Médard d’Aunis", 
                  "Saint-Christophe", "Croix-Chapeau", "Salles-sur-Mer", "La Rochelle", "CDA LR", "Hors CDA", "Count")
com_names_LR_from <- c("Bourgneuf", "Montroy", "Clavette", "La Jarrie", "Saint-Médard d’Aunis", 
                  "Saint-Christophe", "Croix-Chapeau", "Salles-sur-Mer", "La Rochelle", "CDA LR", "Hors CDA", "Count")

Pop_detail_code <- c("CODGEO", "P20_POP0205", "P20_POP0610", "P20_POP1114", "C20_POP15P",
                     "P20_POP1517", "P20_POP1824", "P20_POP2529", "P20_POP30P")

Pop20_code <- c("CODGEO", "P20_POP", "P20_POP0014", "P20_POP1529", "P20_POP3044", "P20_POP4559", "P20_POP6074", "P20_POP7589", "P20_POP90P")
Pop14_code <- c("CODGEO", "P14_POP", "P14_POP0014", "P14_POP1529", "P14_POP3044", "P14_POP4559", "P14_POP6074", "P14_POP7589", "P14_POP90P")
Pop09_code <- c("CODGEO", "P09_POP", "P09_POP0014", "P09_POP1529", "P09_POP3044", "P09_POP4559", "P09_POP6074", "P09_POP75P")

Couple_code <- c("CODGEO", "P20_POP1519_PSEUL","P20_POP2024_PSEUL","P20_POP2539_PSEUL","P20_POP4054_PSEUL",
                 "P20_POP5564_PSEUL","P20_POP6579_PSEUL","P20_POP80P_PSEUL","P20_POP1519_COUPLE",
                 "P20_POP2024_COUPLE","P20_POP2539_COUPLE","P20_POP4054_COUPLE","P20_POP5564_COUPLE",
                 "P20_POP6579_COUPLE","P20_POP80P_COUPLE","P20_POP15P_MARIEE","P20_POP15P_PACSEE",
                 "P20_POP15P_CONCUB_UNION_LIBRE","P20_POP15P_VEUFS","P20_POP15P_DIVORCEE",
                 "P20_POP15P_CELIBATAIRE","C20_PMEN","P20_PMEN","P20_POPMEN1519","P20_POPMEN2024",
                 "P20_POPMEN2539","P20_POPMEN4054","P20_POPMEN5564","P20_POPMEN6579","P20_POPMEN80P")

Work20_code <- c("CODGEO", "P20_POP1564","P20_CHOM1564","P20_INACT1564","P20_AINACT1564","P20_RETR1564",
                 "P20_ACT1564","C20_ACT1564","P20_ACTOCC1564","P20_ETUD1564","C20_POP15P_CS1",
                 "C20_POP15P_CS2","C20_POP15P_CS3","C20_POP15P_CS4","C20_POP15P_CS5","C20_POP15P_CS6",
                 "C20_POP15P_CS7","C20_POP15P_CS8","P20_ACTOCC15P","P20_SAL15P","P20_NSAL15P",
                 "P20_ACTOCC15P_TP","P20_SAL15P_TP","P20_NSAL15P_TP")
Work14_code <- c("CODGEO", "P14_ACTOCC15P","P14_SAL15P", "P14_NSAL15P","P14_ACTOCC15P_TP","P14_SAL15P_TP","P14_NSAL15P_TP")

Transport20_code <- c("CODGEO", "P20_ACTOCC15P_ILT1","P20_ACTOCC15P_ILT2P","P20_ACTOCC15P_ILT2",
                      "P20_ACTOCC15P_ILT3","P20_ACTOCC15P_ILT4","P20_ACTOCC15P_ILT5",
                      "P20_ACTOCC15P_PASTRANS","P20_ACTOCC15P_MARCHE","P20_ACTOCC15P_VELO",
                      "P20_ACTOCC15P_2ROUESMOT","P20_ACTOCC15P_VOITURE","P20_ACTOCC15P_COMMUN")

Transport20_code_detail <- c("CODGEO", "P20_ACTOCC15P_PASTRANS","P20_ACTOCC15P_MARCHE","P20_ACTOCC15P_VELO",
                      "P20_ACTOCC15P_2ROUESMOT","P20_ACTOCC15P_VOITURE","P20_ACTOCC15P_COMMUN")

Transport14_code <- c("CODGEO", "P14_ACTOCC15P_ILT1","P14_ACTOCC15P_ILT2P","P14_ACTOCC15P_ILT2",
                      "P14_ACTOCC15P_ILT3","P14_ACTOCC15P_ILT4","P14_ACTOCC15P_ILT5",
                      "P14_ACTOCC15P_PASTRANS","P14_ACTOCC15P_MARCHE","P14_ACTOCC15P_2ROUES",
                      "P14_ACTOCC15P_VOITURE","P14_ACTOCC15P_COMMUN")

Revenue_code <- c("CODGEO", "NBMENFISC20","NBPERSMENFISC20","MED20","PIMP20","TP6020","TP60AGE120","TP60AGE220",
                  "TP60AGE320","TP60AGE420","TP60AGE520","TP60AGE620","TP60TOL120","TP60TOL220",
                  "PACT20","PTSA20","PCHO20","PBEN20","PPEN20","PPAT20","PPSOC20","PPFAM20",
                  "PPMINI20","PPLOGT20","PIMPOT20","D120","D920","RD20","SNHM21","SNHM1821",
                  "SNHM2621","SNHM5021")

Tourism_code <- c("CODGEO", "HT23","HTCH23","CPG23","CPGE23","CPGEL23","CPGEO23","VV23","VVUH23","VVLIT23",
                  "RT23","RTUH23","RTLIT23","AJCS23","AJCSUH23","AJCSLIT23")

T2w_code <- c("COMMUNE", "DCLT", "AGEREVQ", "ILT", "MOCO", "TP", "TRANS", "VOIT")

bus_trip_code <- c("L17", "L18", "L19")

worker_pop_codes <- c("CODGEO", "P20_ACT1564")
